100.874893
125.2893242
143.2376165
117.6896044
142.1553039
128.3526559
108.2073566
124.1466777
100.538622
104.6883581
119.3887422
122.2057233
164.5457747
108.2339294
113.062784
103.2110624
115.3762388
156.4683028
111.5111939
104.3066816
115.9575227
139.0021112
123.9462476
111.1206277
102.4713204
113.7421311
113.2174318
157.0855133
126.4329397
106.6104427
146.8670478
112.5047047
154.6659652
126.6834655
106.7592096
140.6105098
115.795845
103.2255404
167.6383878
126.5160263
101.1657198
106.259331
105.7052615
118.2969476
126.403524
144.1259903
133.3980339
101.38179
126.2063245
138.626503
110.9376951
120.4674935
105.1867327
137.13441
143.2746959
118.1091285
143.6916876
154.4075794
142.1037337
109.8507044
123.7968733
124.402695
114.5840557
124.9327061
153.174417
178.1115323
123.6418107
135.9230809
112.7574675
124.3117471
151.512647
100.0052057
104.6869858
115.1701571
110.8774418
176.6923874
105.1311873
106.7157303
123.4986452
110.3931201
118.7428416
102.3733529
129.7988864
131.8608736
101.0216514
137.8831284
122.6212801
100.2236923
126.9736477
136.5537024
126.4132315
102.1636628
101.2599182
159.1478568
114.582081
121.9719618
106.4334286
136.8917018
128.7562534
121.8587169
102.4661501
109.9411307
104.6956889
114.0560633
132.6462308
153.5796854
104.7610643
125.387398
123.1293105
123.9820378
132.9558858
108.9040582
117.4707054
113.0909119
106.7962689
115.1052528
105.6483675
101.08502
103.5157685
115.0925542
112.5652522
156.8876643
124.2991322
116.4227434
104.9357938
174.8852366
127.5144426
127.6929666
106.2617561
101.4269713
116.3851282
102.9225034
103.042757
147.8700141
124.7623629
126.2088291
143.1040375
126.9055325
106.5296094
121.1415964
128.4372131
104.6459575
168.8331537
107.0119697
124.8994919
114.9610465
138.0706957
103.0377973
122.8372665
116.8598086
104.477474
162.350389
103.4990436
124.384073
137.8668288
144.2109719
163.4271466
103.9907673
143.9508539
103.3636718
102.9569028
162.3505047
104.4575772
114.1673582
168.7025389
100.5382242
119.4903713
118.7114875
105.3309268
162.9605551
156.9505074
120.0394474
100.3959295
125.5902868
109.5317417
142.2261566
172.797385
109.8443345
109.7526291
131.8937398
107.0873024
104.2042438
148.933434
117.7470439
107.6728474
118.4495528
138.0830124
109.7003798
122.8581976
113.8675939
158.7956546
104.745896
115.4565924
119.0603604
106.4812415
116.8094478
107.8653871
132.2158658
117.7700847
150.1146284
124.6867149
101.1968921
111.7787974
119.2690699
114.3850696
120.5078311
154.1687704
167.7040441
105.1341834
104.8017262
152.7191442
105.3746142
126.235316
106.0999592
105.9698404
105.7350289
122.9214945
131.5476047
154.380435
111.9577867
125.7788726
106.2764042
106.385876
106.6926176
156.4588321
137.0778149
101.3481377
115.1682135
107.3037776
147.4821727
150.1616066
125.4997255
171.1280589
100.4697937
108.7260007
168.2960001
119.0032681
101.5721155
119.6266357
148.3853685
132.0288323
101.6262895
138.0038699
111.6926548
133.1264078
105.2791297
107.1032679
100.6468471
127.0281754
102.0136504
144.9280743
108.6898588
112.6339288
111.4320021
102.1603295
131.4858764
104.6095874
100.1901491
117.1458793
151.3175726
132.7064873
107.0451561
123.8830459
102.6264171
157.0476371
126.663165
100.4505943
136.3951459
105.0061943
109.6469037
129.8749643
153.3241769
108.8695104
118.0827956
106.3733178
117.1474291
112.9010159
127.9963307
114.2092477
104.9626823
123.666209
115.165776
136.1509306
128.374037
168.2541704
132.0346352
148.8077372
102.6155097
113.0445183
124.2795848
116.4476562
112.891499
173.1056333
127.3426923
116.028337
104.8646507
100.7754207
128.4319616
105.8156286
150.3206789
106.268257
113.0887686
129.0065111
111.5583813
101.3007261
101.4535276
112.5118777
148.2123037
178.9645381
136.7741266
151.4193195
152.1781116
133.6073602
103.1029141
115.3521555
104.2244502
102.8724297
131.8519348
104.9802494
144.0574504
109.2109472
107.7851927
100.6903239
153.5388629
102.1602174
145.3813113
105.9420131
141.5776704
130.5750946
120.1934441
100.7448466
111.7590545
104.8935162
122.4931493
153.237772
111.9732057
100.6604628
178.4773156
103.756669
121.728725
115.7881302
133.8582607
101.8840629
144.6016636
112.0974655
114.7328987
148.2242252
128.9148378
114.6409069
110.5460158
100.182737
118.4391829
107.9021707
139.9342175
113.4005102
124.8919792
102.5862459
130.6442483
103.8701261
127.6877432
146.7323918
116.2809349
146.3830146
122.6177013
105.944514
100.7896728
108.9686096
133.9057446
112.9917133
122.7099251
133.2459317
124.9622375
145.2208725
100.4777732
141.8628487
167.3722705
179.7592457
103.2913017
102.0345893
155.7590951
140.0533316
118.9309609
117.5349582
113.7529589
157.1809786
102.7852785
110.3454371
105.6703712
131.4371967
173.8211447
160.0319512
123.1735812
104.5083744
105.7233767
101.7941164
108.6097422
147.0428898
112.834282
138.248816
105.4279478
113.9285273
119.8044403
123.3894644
105.4229087
101.2218141
105.8699392
107.0970572
106.9000475
118.6166977
152.9940014
155.7889594
107.4935159
157.4700674
106.4822759
165.2527717
125.5029761
121.3101895
127.9880377
141.3128652
108.0401329
108.601621
145.9276578
145.2952383
104.5262138
150.0282642
121.7072813
101.330641
111.0470165
136.7918811
100.0485528
100.8960398
124.4216011
133.7520779
166.3985428
102.2144183
106.9027323
124.4231369
142.0955189
134.3198583
173.1297418
130.2800302
143.1173873
110.155323
109.5789572
132.7950976
131.7575869
103.7008891
119.7651371
121.3585696
101.1501378
126.3927039
124.1235001
136.4244756
102.1344344
126.5504645
130.9061112
123.3556636
101.8153751
157.348392
114.2193605
145.4664015
113.5053422
118.7779159
114.1232085
149.1404402
130.426145
152.6591757
109.0877559
112.8678227
122.4565133
106.2270936
117.8287685
142.8833773
156.9563003
107.3385786
105.2080301
112.4904021
150.50727
101.4789266
100.6466198
174.474525
116.0106991
110.9367746
151.6255806
123.3931838
115.5972609
151.9692844
105.0289108
116.4599033
139.9795635
113.3222151
123.7005293
124.3698472
176.9611253
101.8796887
109.5016663
114.3351766
101.9940124
115.617378
116.0557519
130.1679664
105.0767924
106.9850863
125.9412532
146.7298533
160.206864
108.3128762
119.0852578
117.1032809
122.6065267
121.9638769
100.0942873
106.0769429
101.4322666
108.5622399
109.9872445
113.4230133
152.3582083
100.1580441
170.6843777
141.9141724
103.577891
141.8874696
110.8664087
110.7314927
111.1289181
110.7270929
113.9862208
106.879924
121.9850557
150.7781339
101.908384
145.6451953
102.7419277
100.8172321
111.3575011
115.010347
101.3272224
126.9316397
114.5262588
112.8017817
139.0218187
152.181341
154.2417299
121.8371825
114.611463
119.4756639
105.9990486
101.0219836
110.1620611
102.1958353
112.9208337
139.2205875
118.5054834
149.1813738
108.6938251
121.2947821
104.5281703
134.9519618
113.829065
147.6769722
122.1533287
107.3662818
119.1371267
115.9826125
113.3977505
114.6440871
100.3985598
146.1250365
104.4231731
134.173285
124.2186156
127.8578877
114.7887802
100.0191917
109.6187347
106.0346235
103.4624747
105.3826314
120.6838982
152.4226852
144.3240067
133.2807451
123.6585258
160.2507368
112.2269904
124.5949377
112.8763993
109.8433229
101.2779375
114.8984191
134.6693106
148.505834
105.2997718
178.9661601
131.0206875
106.8515893
103.3412544
102.5829578
116.8856608
119.5694499
118.9471814
111.2235611
101.5387043
173.4377442
125.5925744
128.7528614
121.3633023
106.1528054
119.8174022
114.9017519
179.2348565
132.1624922
109.621796
177.5817812
150.4040092
101.9669642
160.7996434
176.6902682
125.7186166
105.0380582
102.2930815
103.7501309
101.7701669
120.1205498
119.9982967
112.2101338
122.7299703
166.7567305
103.4414384
174.5923641
108.8750651
103.5923998
101.4174149
114.9288283
100.3588402
109.7761428
129.1578147
130.4792886
165.9788043
161.8166873
167.5334252
153.0029792
101.3348621
118.9832343
100.211164
141.6034643
139.5176455
106.3962343
163.5869377
100.3308177
147.3804579
143.2770799
106.6958961
145.773301
100.0635056
140.4674444
132.845104
157.1559875
101.40272
112.0837515
124.9072912
124.5626473
106.9377461
134.7873357
101.3015254
134.9247163
167.6911631
128.062672
100.6218401
125.4010291
105.3327672
117.1302665
115.77248
116.7832097
103.8250421
133.5173819
118.2285935
105.0128771
103.1916095
122.3048617
103.4814347
132.3542635
141.1807446
145.851468
120.7088517
102.37223
122.1178533
154.7902925
119.3890037
106.0385617
141.794248
138.6687735
143.1204397
159.3149461
118.7674619
117.3857581
114.6205928
102.9725328
120.060047
125.5389901
101.9849731
121.3603725
110.7799384
140.9737701
142.0934767
123.2714687
108.4062509
130.8443064
149.742279
121.4308931
129.5326995
131.0590233
138.2788668
160.1297125
157.2398683
156.1577865
105.0114847
124.8185143
116.0446305
114.4302878
102.4351542
123.2297817
151.3454172
123.854493
114.6475499
105.6623581
146.6191222
103.8956459
174.8832154
167.1554694
104.2550596
108.4678547
107.2164904
119.5723898
100.7862647
122.9196137
111.4757216
121.2933087
100.8512498
149.8723767
100.5152729
115.0127599
108.3013424
121.0921873
133.0074858
126.266586
152.7512594
100.2149818
126.5745577
110.1922967
104.1319117
132.6348803
109.0363741
100.5826397
111.8435464
110.6906916
103.1238987
113.5806189
161.7202538
116.5984335
110.2920819
120.8680803
102.8069802
110.5146287
176.256953
109.6600617
112.116555
136.4215314
113.0466611
113.1797498
144.4138702
109.9801038
126.2220418
113.3710224
102.9301063
106.0919273
105.7406527
117.6831612
133.936635
122.6237642
145.7072112
102.6151151
118.7283087
163.617375
162.1213623
108.9201984
176.6494349
107.2246068
130.2084934
161.7844207
133.5705357
111.6594748
100.5297211
108.6139926
126.6374589
105.2102527
112.0376657
131.25712
101.0959751
100.995196
104.9972742
126.8500106
119.2458814
150.4340031
134.7319108
112.5559441
167.385792
111.8538995
124.6138876
136.1042498
119.572765
132.8856594
109.714658
127.0886946
153.6290053
140.9189683
115.1614835
116.3744335
161.3964142
123.3947082
124.087163
104.7639038
110.1508581
125.059944
113.1757173
132.7885867
123.4675141
105.3132665
106.9858745
167.7682288
104.6429661
109.1179477
168.0186448
136.2621872
123.0823714
106.0920631
124.9771165
153.5988859
110.8500735
102.6214463
129.9924016
134.5509715
100.0709695
157.240506
100.4031117
154.3525842
163.5633327
110.3092171
147.9505447
165.1956656
135.9989949
136.2611605
157.5937997
137.4117321
162.0112801
107.8181091
157.6150635
166.0697291
134.5673395
106.0772642
123.3515322
137.720832
100.6146101
106.6473808
114.359167
161.7497564
101.5818051
123.1092974
136.5784094
145.1949192
139.1399553
120.1777336
120.031313
103.0528685
131.9951535
102.3956467
107.6784083
110.1292605
127.1170733
110.2714312
108.5267135
123.2094764
133.8737711
108.557765
152.8367199
147.8296454
109.1857523
156.9972936
145.7062446
120.609699
103.5980946
112.3495281
145.2143682
123.7408037
163.2364222
120.396163
102.8077049
103.1548615
116.831977
101.6250423
101.1498709
118.6953555
136.5761441
110.5524533
146.844442
123.6941221
139.5370488
129.5873825
119.3584718
109.606205
119.6099019
113.700605
137.9372836
105.1919637
101.2399338
152.2829031
109.0711165
126.2239785
102.5666443
104.2972114
103.0369306
122.967781
106.3470403
143.277416
101.3278772
108.5211603
150.6814711
101.0622076
106.0028758
105.8006837
113.7880381
101.4772532
115.6748958
111.156992
114.9994321
100.6150199
178.565771
117.9988491
175.0539939
124.3329813
101.7114055
111.3908208
100.3496508
127.6902112
101.4460263
136.3179977
103.3928649
112.4142929
124.876266
128.6597096
171.4705031
123.4925692
115.8729915
120.8892599
163.2573505
101.0288905
140.1813428
100.4188042
103.0640983
109.1292124
128.7349443
167.7790168
139.495971
121.4720785
177.9067617
125.9800744
117.1437389
137.7146885
107.949922
121.7425004
105.5092876
168.0053448
141.1555665
105.3845593
133.6829708
111.9356106
141.6024963
121.4495613
136.6655757
102.3418448
104.3609414
166.6511393
106.326763
171.1532581
105.1367688
119.150281
156.0798286
152.8099261
115.0623422
146.2087849
106.7976297
142.5432081
102.4646185
108.4250115
100.1464084
109.6049857
126.5990532
106.3993348
137.7731923
152.7025425
108.1404908
115.2346493
154.6088052
161.4250435
112.8488718
123.025521
128.2363756
111.72429
105.6475193
121.2714229
118.2110972
119.5805378
133.7146355
147.8555156
131.5314461
110.7616057
108.1856664
109.5574416
109.6393316
121.2298173
124.0596454
179.2336395
157.1622643
175.6976045
107.4668296
112.5009016
150.5293511
140.7989251
147.1303135
104.2446122
127.7858326
110.739564
104.2793564
155.7454289
108.439933
125.7438812
129.6577222
108.1384168
120.273611
130.4639867
103.3972866
127.4994028
102.1382073
100.1948239
101.3510411
123.8042832
108.8562387
113.3714225
140.1818002
135.4450263
112.2462342
147.3383866
132.0903864
114.3464128
102.1622886
139.240207
122.9502407
115.253383
168.6666764
145.2534284
101.6866411
169.2346
143.8743612
113.2224424
119.1567843
145.7763558
100.145545
156.1288998
101.528602
175.68505
102.2011818
127.790795
136.5525416
134.6216331
120.4308616
134.0379143
142.7468702
101.331043
111.8953447
116.3988522
103.0741984
101.7551759
116.6482791
106.7828688
101.5080577
100.9269861
135.5270545
103.7750086
114.6345813
132.6476331
160.1791388
134.1661185
105.6177062
118.4297678
103.97548
122.5859578
100.3782554
160.9634984
171.2666033
105.6296659
123.9810113
107.1168523
102.4326377
151.9073311
103.4036476
155.1018559
113.9238472
153.3316179
113.5963792
112.3510904
164.5314674
105.4395714
136.0633178
117.3053675
110.1859369
103.2319167
106.8935069
144.3728436
103.2297579
111.5333376
106.093576
100.4624051
123.4417577
102.2129397
138.5301954
118.0018903
112.0444841
145.1550951
137.9678996
119.6403975
125.5331528
105.4387913
131.0310387
139.5053953
122.1541162
116.972562
125.0415164
121.9686758
101.8614953
104.2665681
102.6051956
111.8070168
104.3848588
111.4000463
114.2338297
101.4657613
128.3714649
130.2134263
120.5359969
117.8811425
116.8671156
109.3663402
105.5307644
134.2093844
176.9369728
120.1087339
163.6524265
160.9683467
126.6878822
124.0786041
111.0681101
117.7018763
100.9693656
161.7901792
148.8170668
113.1150822
102.6166966
115.6565065
164.7307071
113.3315824
106.0418829
104.3484109
135.0246474
117.8053732
171.4619263
108.8229969
145.6047074
134.829867
119.9804973
138.2778276
162.5580129
157.8428445
120.3043675
125.3730177
114.1135205
120.021605
110.268334
138.5422435
101.7544027
102.2267966
101.5675645
101.4639754
102.6736208
112.6102799
112.1295817
169.0808542
107.925867
125.7608316
102.5988097
132.8052586
153.6233747
149.7123068
105.1370964
119.358583
104.7734551
101.0041263
115.9300923
136.3561426
108.4941805
141.0678446
122.7685556
109.8004699
158.9515216
100.8513826
126.0950457
130.7304743
151.3728853
123.6592555
112.2027273
100.2533628
159.1669704
114.1449624
118.8375007
178.8830027
115.7127693
116.8592954
121.9754873
108.0920319
106.9346118
104.7495943
118.5851297
116.0381323
152.2002057
177.8098883
103.5421277
137.335436
117.9957617
101.091389
103.6812235
106.3197353
126.1399637
100.9277492
130.8303112
102.3336908
103.6039075
125.6706386
107.3237405
126.7733873
106.1217376
104.2497764
164.0566322
103.8458184
137.2318651
110.3106658
103.8741015
133.6461561
100.7063027
107.8122184
115.0984769
141.1042884
167.8907905
105.1026513
144.8891403
125.1413711
111.2816571
107.0193998
101.1805501
116.5185915
103.0381519
120.9006498
103.8202769
142.5546012
111.6801512
102.8845918
105.1044435
107.6274656
126.7231717
108.7585394
101.8045172
158.4878861
152.5457467
131.4632161
102.2538949
101.5510056
177.4081495
173.0931993
101.4908962
102.7044004
100.860282
129.3451763
107.7032271
109.2259275
132.2579685
104.8835439
106.1523818
121.7148408
116.4963162
101.9813049
162.3028775
100.387892
105.5090414
111.4481398
139.7262663
127.706812
122.1093662
132.6509518
128.1911535
165.5187903
138.3279226
116.6863052
102.0947549
112.1682512
110.2076554
106.0405267
105.6397264
131.6538803
105.2195634
125.0227846
151.7489479
134.2490322
163.6926144
114.8354517
119.9556964
100.4494562
151.9201719
114.3037584
128.5651447
108.7436625
114.7254526
110.3138586
147.8629906
100.7528807
143.0180838
107.4666269
155.1772054
122.7161049
112.2285409
112.6752047
105.6093994
100.4721248
125.1922673
101.5754677
122.2696299
152.001549
136.1910277
108.6190848
106.9358215
129.3992911
137.8738573
152.9949441
107.0650069
107.7262377
109.340614
163.3533539
109.9161809
169.9379957
106.7227135
111.1391809
112.8798484
177.5254496
111.0664202
164.3610894
150.1438393
105.5410715
169.4996938
125.2463565
109.0255456
133.2434237
143.3009045
109.2582697
115.4737751
133.7317597
111.3733585
152.4546307
116.9389216
179.9969016
154.4815484
130.7552687
105.6126924
143.092362
139.5458794
120.7365238
103.4511702
110.6807559
111.2347604
131.0547944
127.382433
124.3160758
120.0150456
101.4414664
116.0099006
111.3246899
113.4397048
110.8433195
167.8231828
102.6921921
122.4113825
143.7273342
107.0364454
159.0283077
126.2462087
108.0943829
158.0216361
114.3751874
126.5982181
140.0772428
116.8074183
127.910732
117.4048261
101.3411701
116.7648949
100.0401228
135.9983138
100.053072
102.9518265
126.2992507
143.5191713
108.6886506
116.5861859
105.9877759
111.1337827
125.8422818
100.5478859
151.2646486
126.8874176
116.9978735
103.9358451
101.6550014
112.0513897
119.4121133
121.9893365
132.9022324
136.4860544
106.080792
100.3767788
126.213405
163.0434489
121.5950907
108.8079214
104.5445587
162.9220881
179.130951
153.0144224
100.8716768
121.8835807
154.8136323
118.6194542
102.0113018
123.4534354
101.8607395
117.0025659
129.4733843
106.5632374
116.5412444
114.6374591
144.3670599
108.4956627
128.1899228
130.5804172
126.4680858
155.0063617
122.2291288
101.8442878
131.2111166
129.1901261
148.6057854
111.5966419
100.4917252
118.1936229
124.8456447
149.8440528
163.0254541
109.1739592
122.8414408
107.5502027
142.4214655
130.8112177
109.1838555
101.7026181
123.9437158
108.1638909
136.2503219
100.1711297
142.2821469
140.7096795
101.9368647
117.1133107
106.1920902
112.1606381
111.6452694
119.2059808
133.6978248
112.5346135
112.7556763
106.068672
106.6389298
115.683887
108.8111234
104.9245123
128.0730691
103.7608492
113.6867261
100.6983727
174.8293882
101.6157837
105.0700727
113.2998299
110.7333711
129.6434222
130.7558932
105.9193481
108.8317039
110.3301854
100.6368624
124.0881524
117.7149362
141.6771827
126.2886939
118.3707629
108.3238946
118.6867132
116.9116377
171.1879751
107.5740693
112.2924645
164.1923797
123.0448056
125.0190733
103.507974
117.367693
103.2068027
124.7968381
115.365604
127.367655
100.0093892
117.0824652
147.796337
106.8016628
144.9513717
178.9732859
110.1882136
168.6756162
136.005084
156.340405
138.184087
104.4060965
150.4000959
103.3526138
112.2498297
105.7175526
105.0124227
160.5673031
136.2741959
144.0508469
129.8084727
163.3203132
103.2205391
140.1126389
137.3913684
127.3889869
103.1950867
111.9267864
102.1518428
110.5238616
124.6617803
119.1919587
145.893093
122.5038398
116.8762061
104.6888769
139.6816966
103.4595102
120.3568956
164.9801943
112.2252779
129.8191402
129.5557011
118.5782872
143.8393665
165.9285928
104.6207065
101.4842922
107.2836096
129.0425659
155.4380384
109.3436026
131.1593258
167.3736635
114.5082785
132.6402747
118.5182735
146.5348088
104.046611
112.3767402
166.237905
137.2120016
169.2922595
166.1759562
169.8907776
117.5480796
129.7395516
121.705529
102.6071671
112.6722414
130.0572388
122.3518381
109.1738749
103.8327349
121.8790614
138.8629818
100.2601609
129.6261033
126.906199
111.2753208
127.9894926
178.8986202
137.3908419
101.6680759
109.7831617
107.604775
148.6560968
116.894427
102.926835
101.1060384
107.9092321
108.3235072
117.680188
110.3551495
122.6058101
124.8063518
121.3481641
149.5608598
100.7359618
152.3817448
113.3810483
172.1579998
104.8538496
112.8066918
148.8721622
121.2553182
109.4624524
102.4804304
144.9270749
104.26093
126.4782182
115.0100169
113.8595915
108.6168418
131.3115494
107.0342852
101.88195
136.0500338
111.4433662
137.4434595
119.8898035
120.5694888
149.1258941
137.2292185
109.0867185
111.458173
123.8460349
108.1200298
112.4155981
123.9587767
166.0258955
139.1882233
107.5041229
123.0838472
100.2299778
105.7603842
160.8875453
102.0154443
114.0448047
105.5291948
101.2626985
127.705896
102.2756635
148.4903425
144.9988738
113.7472189
107.0948673
109.2739176
159.5700591
103.861227
104.0802344
116.9208278
175.3028376
101.3149449
118.214676
106.5280897
109.406056
104.9519979
145.2833863
101.818217
123.2954935
108.3384281
115.7170398
111.5491077
138.6977231
140.7314437
104.6630356
132.9012465
111.6690706
149.4449987
102.2101598
144.6454447
124.5797742
137.0696814
103.3342336
124.4392761
155.6701441
103.74602
111.6848769
115.8314743
120.0234375
110.6633104
108.5640774
103.5270256
127.3438361
150.7623451
105.5994158
102.4844439
162.003656
102.8963929
126.6038207
157.4727425
134.4995106
102.4182376
105.8972394
171.5429909
109.5881942
127.4787756
102.2382161
127.3334541
102.1558918
100.2414307
143.2160407
102.4073544
101.4620199
129.2768359
121.7599672
101.6439597
124.0945949
147.0406201
101.5203167
104.1043103
137.8649871
112.7943766
103.8383324
170.7957622
166.6640653
128.223954
102.2100406
100.9663153
121.2374963
137.3284723
113.3217517
106.0788048
100.1935551
111.5748989
103.3296009
159.9864332
166.1538702
100.3962465
100.116939
102.9526744
159.9054217
160.8287533
106.4801989
157.9410396
124.1490473
120.8754243
118.7442208
160.5615411
148.9150001
113.0519044
109.553842
104.1849929
123.9018177
123.2541496
134.020453
125.8290039
147.6542895
153.0343242
105.2788425
162.4176537
115.6448877
101.2452641
147.9244557
148.8018325
129.1581546
100.860866
115.7872356
113.5129399
127.7137786
124.2580393
100.2078724
104.7128675
102.8529009
106.7233181
121.0984978
115.363135
141.7648093
112.6082599
168.626295
103.6220132
132.3297901
146.1444443
104.1716134
170.2426302
123.3842789
168.1571468
111.8041235
117.2383151
160.2990651
109.2210163
114.8016437
119.1822738
140.6551246
131.5988425
132.4759161
137.710727
108.7224457
109.8492842
101.3358169
103.6595243
109.9225911
150.0192582
174.2414159
113.1466709
130.943058
104.6776905
165.8954855
119.9002372
177.674578
115.0390828
113.322651
102.4749503
129.9323878
113.0091829
170.0123033
115.9702058
112.9042257
117.6843268
100.1515888
106.0828134
158.3105945
147.1800221
101.5445261
122.7513048
113.4783544
163.6138575
115.1268554
121.940251
117.3083608
107.8071751
151.750918
137.3400164
100.208322
105.1483049
106.4190448
150.8768885
105.2378119
116.6411955
144.8463112
107.0512063
129.5349832
141.2798527
101.763612
127.4567696
102.1376285
110.8872224
135.5113197
168.1514958
115.082904
106.7823294
103.0087978
137.7319404
126.1024837
119.9580055
123.7821302
109.3506654
131.0090306
136.6110279
145.9633086
107.2847698
104.5591713
111.4065419
121.8743763
144.6784711
108.402688
117.19952
153.8254109
135.2001186
120.4406736
122.4618392
101.5304287
131.2828755
169.6015834
114.0003012
102.8301437
150.9393503
102.1834755
107.2218239
105.2305647
153.6828968
111.6979392
131.2038462
124.7532149
107.2647389
101.6089363
132.5244196
123.0856961
105.9882772
148.186256
157.693098
155.0598173
144.4650508
139.9652407
120.8944388
105.0061761
149.1050979
153.0070545
141.0292778
112.3343076
121.7352315
105.3617042
166.587911
108.0697823
125.3523843
100.1769749
107.7445815
107.4793896
124.8290856
126.2758529
108.9817747
152.5267081
122.3683828
103.6878907
104.2754606
131.5313621
119.8219873
141.8380268
118.7062172
104.1087716
157.2674716
158.4490881
127.2550367
151.881278
157.5810351
120.4338663
120.4095948
176.3170233
116.0319718
126.2156654
133.4084448
126.11367
101.6821083
143.9509444
126.091173
139.6174138
105.2426434
124.5656061
107.8141123
104.3322417
101.2025926
116.497256
105.9338749
103.7057684
125.7260943
100.2518459
129.2840861
104.1458563
114.0683961
144.0038904
106.0855042
105.7218944
140.4585526
131.8464131
100.1647895
116.0237054
124.0336044
134.2472219
125.4964806
109.0169294
142.9331705
111.12335
167.7189054
132.3797258
105.4990251
157.1670211
168.3376859
156.1617367
104.2869813
128.6254796
149.2917319
105.3366972
100.3120289
103.5141972
108.0105951
147.2611826
133.9922439
144.2091582
160.12572
123.6731852
153.5831536
137.3854756
155.1841905
125.7217687
117.2869352
115.3839117
118.1268842
106.3289055
157.1241904
113.9915985
126.0438082
118.7758362
118.7977249
115.9179588
111.5615497
136.4443314
128.3748674
110.9747998
103.1296911
106.3646945
103.7829072
103.9108504
145.3537996
117.016518
102.9248576
113.4084295
153.1949793
124.0964409
175.8841402
172.3956549
107.3882699
106.9116566
123.6058275
103.2594217
128.9521017
153.6272848
139.0148353
110.4785405
154.9169307
143.1548125
132.5018991
103.6543662
100.4503836
133.297905
124.6943234
108.6694085
115.9223286
147.2500987
101.618107
104.3623035
100.8292141
102.628038
108.5038989
100.7145328
111.7618923
108.363718
101.2213851
109.1316686
103.7126021
173.7958419
119.9597166
113.5529274
123.3223935
107.7809258
113.9246889
169.4686645
142.1036188
100.5912668
129.8456878
106.901873
108.759974
135.5179147
107.1858844
111.8823315
106.9252376
125.8784354
168.2454283
107.7037602
124.4990671
103.711398
120.641724
113.7482201
127.9750446
120.5437243
108.9677681
175.0276732
107.6021694
127.2498276
107.4423505
178.2503841
107.1921388
101.6628193
120.919172
142.6853315
102.750572
160.6102062
100.5988208
111.4255625
107.2189472
172.6160585
118.0459768
107.3740766
145.5156831
120.9541325
135.9480656
175.9690138
115.293395
114.364693
166.0919484
124.8733683
136.8269098
117.1796745
117.355644
103.7620965
101.7411286
119.577396
122.5676261
115.5753706
108.3777767
106.3733893
100.4230675
122.5595881
120.9761254
128.2696756
113.6276594
113.2329476
121.0567936
114.9119069
115.2751045
100.1425523
109.1920741
133.1987976
148.6697145
126.591191
148.9802055
101.234189
114.3581146
110.6354034
111.3716929
129.8463142
149.3810029
127.784402
140.4971803
160.5572857
131.6981908
122.1355551
116.9605559
117.0866191
106.4389575
104.3084191
128.6887138
106.4133771
137.6271521
124.5196522
121.5840143
137.9026908
145.3882907
109.7777502
116.9718559
112.9216515
109.2092951
123.3581292
147.986175
127.0659299
120.8378036
102.709366
105.6518867
136.248391
142.3761121
117.6277832
112.0132251
140.1318755
134.3071515
119.9015689
142.7072065
120.4201867
129.1686707
112.0570915
112.8036466
103.5271875
169.4795502
101.6740487
123.6963544
171.127243
140.1962273
101.1542828
110.9506027
106.0858639
105.463093
106.8855165
115.7999304
156.3805103
115.436118
142.166455
131.4176909
111.0027287
101.8131177
138.7026808
131.9609837
109.2247841
151.6784961
107.8502304
100.0016082
100.6089954
114.5517044
122.4087356
169.1151113
144.2049711
139.838908
143.1632191
153.7406368
112.3423435
104.2125973
113.2873912
116.2166423
126.3490113
110.5049574
125.6337243
114.4079834
100.6978178
101.1198828
169.3382907
109.4469967
152.3505352
118.0316024
102.019017
124.5480478
127.9411574
150.9754028
100.8120428
108.467583
117.9576032
108.2870873
179.9643154
122.8016123
108.8381941
137.8228103
125.9558668
114.6060076
115.0031757
110.7638865
158.7083416
131.6605411
133.176323
136.5793935
103.7884748
124.6881111
155.6171579
135.7461598
130.8181499
134.4918781
106.888932
145.5164059
106.8681933
171.5668469
105.5113197
127.5343829
108.7468568
161.831014
126.5450681
100.179242
131.8621319
103.5011463
111.8872594
136.7961212
155.8070646
117.8632694
