178.2728673
106.7237574
135.549726
109.8574244
161.1821325
104.2626475
141.499332
132.1090971
152.8417677
173.8337069
117.9434542
106.2942194
155.2605174
106.1243197
127.0188888
123.8195703
110.7068553
119.5549638
119.1264954
161.8681837
147.8058937
138.8577742
124.0475389
133.7513831
126.2582565
119.0816867
118.0831128
109.6690192
110.0178692
139.484951
103.9331964
151.2720629
100.66875
131.4118952
113.9948077
103.8308727
106.6371164
101.9899204
113.2690658
138.0839037
128.0084312
100.5787301
119.6633453
118.9956541
100.4988189
126.6517034
105.5787929
178.1014799
118.8799513
105.2286895
137.2076845
102.4740009
131.2287484
106.8634531
141.0432559
100.5815085
109.8063229
102.8565324
162.5407997
100.1129759
165.8866533
123.7006608
115.7469642
104.5179617
101.3180011
126.1405481
120.1129589
109.9052646
130.5346117
119.8632606
103.181623
103.3297108
122.9500579
126.1552374
122.4164023
110.4829654
158.586725
118.3597638
100.4883701
152.5478429
150.8151601
150.0680736
125.9836676
101.8314046
133.4455762
121.0605293
116.7678045
126.0835207
161.1654209
108.3816936
104.5683751
103.3112953
107.2847235
105.4505671
104.9852435
105.5865282
101.5371471
101.7452626
104.8549293
112.3617992
150.2639442
107.9643607
152.5079042
110.9921728
118.9831542
123.5271096
109.8418221
106.682565
102.4365053
141.5422273
123.3808362
114.5535029
147.1373569
131.9782615
107.0823806
121.5665475
116.3594483
107.7575322
169.1337998
123.4295128
126.5247067
123.5046081
119.2735786
143.8014328
111.3269621
103.9081325
122.5009424
129.902434
147.0197174
103.3557198
156.0303121
125.1321101
116.8582625
103.7961083
109.94189
121.7684389
145.8953253
116.2803705
119.0931369
131.5466646
104.3527512
116.3419716
127.6829126
100.5786456
117.1768449
116.9196364
150.3809757
173.4364186
154.66915
101.9416541
119.285695
136.8213546
116.4660612
169.4910776
119.0345622
114.6273165
111.3438909
145.9725893
134.3972493
116.5583761
158.338897
111.1936466
124.4461209
108.2141686
122.9461494
108.3874606
157.9523531
136.5597737
127.0958025
127.945212
102.7611624
101.8666976
143.4424429
134.1133918
109.9947392
108.4946513
102.2091693
173.400681
103.3926197
100.2443146
161.3509394
106.7561626
135.1016429
142.8285377
121.5843577
119.429925
126.3692829
114.5340335
148.2599895
139.5060211
126.7910318
119.1815511
166.3703241
107.2959809
117.6437113
107.5897891
107.6950366
126.3562963
103.1508268
130.1709176
110.8062416
110.1954354
106.6729946
155.2505336
110.6645078
160.6687308
120.8318462
169.8056592
128.8447557
125.3657499
161.4560041
123.8661018
105.0234362
129.0273968
121.7547534
103.6153509
131.170559
141.1150445
169.1820655
138.2620167
121.1459667
110.1533964
170.8728086
113.1205606
121.579749
133.6223785
160.1728703
142.6351757
162.3202044
107.2261047
112.7046924
121.7444197
168.2490489
116.7907546
119.2007237
127.371457
107.0015877
108.6280538
155.2223608
159.5712359
116.7195568
108.018977
121.1486043
105.6271452
163.6049648
112.9507662
153.7182909
130.7223469
142.8270966
100.2950897
152.3213896
142.6081606
122.5093525
106.9495959
159.7872752
123.4283718
166.960107
107.0674308
141.3179572
120.2751485
165.1813047
154.3108329
100.744316
106.3150741
126.7144749
105.8419272
109.4270109
148.8707585
151.9773085
110.1287362
136.30308
100.5541578
166.5775514
126.4645141
127.3854051
104.625071
103.1881742
107.374383
125.5145005
101.5184211
152.3846277
110.9585165
145.59482
109.0965863
127.5831315
129.7063718
136.8355715
169.9590255
109.4961891
101.4223201
116.9251622
116.074892
124.2084441
146.3061888
107.125832
125.9367543
143.3589756
108.1647735
116.4110018
116.4018561
147.1495661
133.3969052
115.0272795
107.0437296
113.8896202
114.822699
107.8412187
142.0375942
101.6705276
108.6764573
123.2400558
120.2227505
135.6305928
102.7497319
167.4749141
103.8251859
151.0555963
117.0825347
133.9519141
168.9763003
119.9863769
166.2094979
125.4592453
175.4767792
118.0731256
169.391649
133.4081861
123.1108724
126.9143816
101.7179622
131.9981732
110.4467013
164.4090813
131.8801008
133.7984262
105.6325404
106.1772136
152.3554465
119.0203687
113.9320468
104.2611892
162.0764584
121.2429751
123.3443317
109.3895392
117.3118798
118.8990864
119.2679684
141.4869134
128.6966147
103.0156693
111.7869854
146.134225
116.780233
128.0569096
129.9088828
134.5721822
125.8305492
121.6306851
102.3037717
127.1693346
129.2998208
135.3433771
110.0911424
176.6376611
172.2001917
121.7524158
123.3189319
124.1693839
172.6635555
106.5995577
112.7531822
125.2084791
100.8954566
114.9794286
169.492025
107.249847
130.7439873
156.4486989
105.3090333
111.5971607
108.5935897
100.9699191
100.7525851
122.4097507
148.7351037
127.0916432
111.9597227
130.069248
115.420262
134.1127696
106.8824669
127.0074802
121.7141446
127.7916002
160.1878109
173.1717524
101.5593944
124.9281157
103.7632517
107.2420887
142.8220408
100.2680773
139.0210061
111.0489402
155.3132858
127.6321327
101.822453
156.2579629
110.9905679
109.6156051
126.5854286
147.3654242
109.6912036
102.64169
155.9985506
172.6309579
110.6103972
116.9368898
103.7361906
103.6177801
129.4139729
166.6587512
171.0707167
105.5796165
108.8394991
127.2243593
153.888052
108.0583339
108.9916373
126.0331928
130.9618421
171.6680843
102.2108998
165.7549778
114.7845358
179.6257969
110.4414405
111.5463505
125.3369361
177.41022
103.8045238
108.8255864
132.7506416
134.3482789
101.9331115
104.4928016
117.8219755
103.6174927
127.0258285
154.8740593
154.9094989
126.8315339
114.6400527
105.2475838
156.2282982
135.4736005
124.5731979
102.9511478
101.9434811
127.3687889
132.2887369
101.8616609
120.5501132
135.1699683
146.840415
117.6115063
157.6191643
161.363159
117.9530668
122.5803578
132.345305
135.888965
105.3642108
158.7687098
122.0219279
116.6513226
174.5895534
149.6292768
133.5540908
105.3898451
109.5008359
114.5239728
139.6023421
114.5188063
101.257901
107.94918
148.7924777
172.4965415
158.8692283
147.1207835
121.443034
126.7326767
117.7288147
107.7617659
103.3471191
108.8283823
112.8118631
109.818359
123.0010677
109.8704735
109.1580723
108.7575475
133.2490816
104.3010689
125.8589212
124.8625867
134.1180809
142.8490524
140.4902285
101.3210869
127.3686456
175.4121395
103.7547114
125.0208844
130.1627882
109.313894
126.8659476
102.4698254
105.6003319
109.7892341
124.0227232
115.4134264
162.3867989
156.2865892
113.6089022
105.4785728
106.3714794
118.1351429
125.9086928
135.9039798
112.7512784
100.9653236
131.7015874
100.4161542
128.5183851
132.3827855
118.3998151
148.4465476
108.2555318
105.4058584
134.8086297
166.3729428
127.3051136
100.9208623
173.1497465
112.3424288
131.9844833
124.7009156
133.9847401
106.1461605
105.4787636
136.5806899
111.8859416
118.4885405
161.444143
109.1920723
105.3333974
146.2545589
141.7564886
116.808002
131.6132452
119.7846601
140.7528234
114.9438185
130.3213251
117.4179853
108.4112956
102.142202
157.5742075
130.1795482
108.3009603
111.2147874
177.709963
137.1478086
168.3686424
161.6319354
125.664464
107.2725423
123.0348282
143.0045095
121.2812877
104.3385236
141.1715698
116.0374493
117.1362114
124.2991679
105.4188307
109.5262159
101.5580525
115.5544509
102.9784222
122.7552197
136.5201721
155.5792887
100.7065336
102.7813912
114.7378461
171.7241226
103.0245733
125.6093446
111.6108075
118.7773376
101.2268355
100.3513158
175.0445241
102.4308652
131.7049128
102.7554948
118.9214472
119.7083957
115.7253319
174.9933747
124.8158126
168.3325926
100.4685658
114.5392252
136.7012341
101.0656565
109.5272423
139.5953656
111.2274225
100.8951507
135.308538
111.4055968
163.9403832
150.1656192
104.1819287
103.2162793
175.8391587
139.0295804
155.231631
100.6129807
117.5715653
114.6935775
135.3668367
112.1937504
122.1810112
104.1514552
135.1674601
125.8885101
105.1766192
138.1618916
114.635699
160.1713252
116.4865982
135.3334683
115.5400146
121.5240564
102.5281973
147.2247437
108.3059143
139.5933955
112.2995049
120.1763016
143.4383617
123.7243878
146.9197171
106.6332188
126.1614982
107.1897314
109.6441139
137.0389218
138.7001694
116.262863
107.6561852
111.4153881
107.6968477
111.8893097
105.0915037
127.4927556
148.4047281
159.6529562
115.5077717
106.0641022
115.124012
102.8997742
102.6343409
111.8448814
133.6939319
112.770874
111.6149074
117.0908382
146.2352475
122.4234912
103.252762
124.7153072
171.4080661
104.2724539
110.7760104
108.9225493
100.5993067
101.6276433
107.1839333
103.3336771
125.5566391
123.4015492
125.6374544
124.3475557
109.4206467
131.1046485
110.2878577
138.612268
110.6646054
103.3497885
103.4922688
175.5865744
169.1461535
157.9636779
129.5345657
100.7846785
113.852462
120.5177013
112.4422353
166.2430927
155.5710705
101.7347145
105.9475396
143.1254733
102.7242863
126.3789486
106.1761224
107.0698323
119.3374301
163.2244247
146.6462476
105.578621
100.3256514
112.9104039
171.5675137
101.8769495
103.4103534
109.969592
117.6978188
110.8643998
101.7531048
119.9999432
115.2686061
127.9379803
106.2490541
104.0822676
165.5445782
110.4681655
127.2231843
108.8591237
129.8199401
103.1470062
166.4176609
129.3903935
115.894302
123.9594299
101.4326498
133.856361
100.4351161
150.3896482
103.129249
157.5800848
115.4993559
112.3887704
124.543561
125.8725461
125.1634628
154.0039986
154.8597914
102.0530237
134.6461526
119.1007682
126.0453941
148.6792198
113.7221831
154.6617653
126.5905716
127.5865946
128.2284323
104.8251469
102.0185206
139.1843037
112.9759009
106.7657743
110.0660269
124.3083086
112.8538597
128.977507
116.4899679
113.0569553
159.7792041
162.0494849
139.0792009
118.4324134
122.388184
124.9840719
125.8217571
119.264246
102.4694377
179.4801573
113.4709204
129.8005881
107.7104234
124.3314324
106.3796969
101.6873127
105.8006903
169.3539952
128.0401605
110.9953211
137.4769994
113.4194405
103.2144723
116.5400295
109.2118369
135.9873198
103.6391101
133.0283148
147.8817918
103.6650425
121.1965078
164.0726751
110.4505789
100.5276914
101.9723161
110.4591924
112.2258136
115.6207283
104.4614049
109.7093083
124.4761961
127.7101332
169.1287901
151.4867568
108.0648452
108.4453516
105.0624478
104.8631139
102.1608501
106.2737141
100.4856077
144.6034839
123.7071062
122.0197041
155.8054226
109.4576579
127.5490058
139.6417509
101.7072502
132.9843134
102.299224
108.4631187
149.162832
104.0074286
115.6494818
110.3567701
104.8358876
100.8542926
148.8629465
118.4541718
126.5246306
118.406832
130.7491093
125.4296743
155.3712374
119.9887865
127.2904273
116.3789054
132.9430593
122.6303339
107.2715812
117.8912534
124.5313632
104.7202807
103.2161991
113.0908654
100.5570545
138.5751644
114.5779309
150.7686053
124.8258604
105.702045
123.4524144
111.6563926
167.3386838
104.5829443
151.734745
158.9337489
118.3775272
103.3206532
145.2071361
116.3777439
103.004566
105.1799685
164.1686239
126.0458417
130.1267238
129.3411117
101.1135186
118.657568
113.37237
144.1155553
106.0413451
114.0019697
100.1487808
111.7922108
179.9129615
146.0672155
132.9476899
121.154891
106.2636103
130.7334765
116.8900901
115.5883228
125.4568971
131.7000175
166.4148627
120.9772279
130.2932447
116.1702119
123.5168689
177.1398286
103.1180444
112.1297244
122.6978349
120.3609546
125.7781215
124.6420133
102.4693553
113.9955333
107.6516418
101.1334744
113.4162883
106.0588701
105.1102648
105.023525
115.6269563
135.6146525
168.7403123
146.8437385
104.7330941
101.1401508
112.4968061
102.0506227
147.4013311
141.5036499
119.8821884
115.9845785
120.0365896
112.9889958
117.2081096
104.6237413
165.2147484
121.033385
135.5116782
131.4603346
110.3325637
148.0018988
125.6456828
117.6826005
130.5256191
107.3986607
109.0805241
123.8309951
160.398172
116.9394848
179.6912347
105.3382999
113.5952336
150.9243515
115.4695275
130.4466671
108.1358269
126.255744
108.1148984
106.4811173
165.2987008
175.0516471
100.9703014
137.0373796
116.7243714
128.8930373
123.0459079
123.6074245
121.6282207
126.9874353
112.3895352
150.8999901
118.244389
124.807053
129.0065575
109.1139647
106.1251723
101.4619354
137.6521777
104.0608516
101.9915146
121.8797498
108.1362664
165.3493842
115.7397226
133.7869643
117.3024173
104.6491229
103.1712662
112.298794
127.1810016
126.4899928
108.638734
159.2284544
119.8502307
114.4544114
113.9277984
141.7351639
103.5500057
106.0147801
122.1514094
134.932056
125.2432878
164.0676716
157.470339
117.6358304
102.5958741
123.843314
115.2596589
123.4598279
104.457249
125.1702647
113.5757592
141.3169666
115.8436059
107.8597093
110.6745768
156.5287273
102.9533237
112.2043294
117.7402422
124.1481448
132.8782613
115.4262186
130.0793243
115.1266389
103.8291471
134.8041164
105.884471
106.2937103
144.8359762
107.8454231
150.7148779
117.5505249
144.7252704
141.9369782
100.3309366
157.5442916
121.124626
175.4680533
111.5539602
126.2741979
125.9004734
102.1773195
126.4028036
110.6101784
113.656468
118.1617312
102.1004166
141.8050807
101.8235772
121.3475379
128.8067922
104.3018467
112.8173925
111.4506902
178.6601187
113.5030218
123.9996227
101.5215932
103.0444708
107.4912524
106.2357446
120.2736225
125.8700161
130.2369429
101.3751884
107.3545416
137.4251719
154.0338086
103.243939
102.2793759
107.71245
126.0615496
164.777077
117.6412712
113.8076426
105.6136361
156.1926443
121.5381685
157.9495817
102.9374987
134.544617
122.5030824
115.1856415
106.6663079
115.8220034
134.2719015
137.6379668
103.9895954
114.2268578
106.4385749
104.6809895
106.171667
123.2745435
106.9258313
107.8499248
123.9692066
115.2161707
100.1829706
108.7821832
106.5728051
138.0129742
102.7913366
154.4412744
124.8096251
124.1489847
106.758411
121.8375294
149.0032995
128.5139248
115.222395
117.6496396
157.854212
131.1118932
100.769754
156.4943506
111.8819011
106.558029
163.2179331
136.7550176
127.8760219
141.9534824
107.5778213
136.0272196
135.2044328
172.7646917
115.8810093
116.1645849
135.4693821
156.3899111
125.7116904
130.0536825
107.5781533
112.673684
104.598418
134.8542852
126.328904
124.724686
144.0688971
103.4354147
119.2124344
121.059873
111.0374469
168.7928062
152.740989
107.1359757
120.6405218
108.7264369
110.1398829
152.9757911
109.9276974
102.9349545
109.655243
142.8055736
138.5539253
117.8882992
105.5688412
107.5950781
126.2936641
127.3724084
133.3087131
116.1740091
135.8246273
117.0125356
109.2774245
120.2107666
101.3361682
150.0939574
139.9676883
115.2638732
107.6427783
104.9510882
124.2687699
128.9580637
106.2819665
112.3313835
103.8413462
127.617402
159.2746193
155.5466416
126.4055753
108.302694
171.3161338
130.7031361
159.267999
114.5468879
120.8426852
143.6320743
165.6470805
120.4048906
106.2617276
101.5736191
126.986383
105.625353
102.1643303
127.8902287
103.0971846
100.4212981
126.691735
110.2133289
103.433977
113.1896591
121.3794635
103.0371771
116.5915947
114.1480166
167.2224319
108.7157471
179.6097416
122.6456505
104.3728459
131.0774293
147.7421885
124.9291554
129.4373971
107.2569593
107.8135633
117.8595693
103.3760948
121.0631298
103.4138116
147.334902
107.0461637
117.3388462
106.8906877
104.4898567
120.4161774
122.456752
124.5561548
111.1117488
111.2573224
164.4852672
116.3396878
100.1977781
110.1063665
157.8441503
127.428803
125.7049704
157.4177028
141.1127533
113.562118
169.5063157
105.838136
106.823455
107.4904838
100.6473748
166.1579558
134.8479513
113.8277634
108.3742461
125.1942953
141.0102278
114.1158708
100.5449612
100.9817911
113.75443
171.2144904
107.7475748
168.2471563
102.7435871
102.4870305
100.337014
103.3080753
170.8062919
136.0490825
141.225749
115.5715589
107.3802435
125.0522893
115.3988377
123.3932215
130.1936573
106.0013969
105.7771937
158.0853153
108.3040912
118.1988874
154.0985989
113.5897722
161.4553769
117.5968948
113.2400942
128.2365771
127.6645042
110.4519027
124.4859384
129.8663224
158.9428984
127.0374565
110.3418331
108.2572816
100.8142397
109.9143847
123.3110881
144.0080963
157.5678727
106.3633708
123.7764225
109.288268
176.489618
130.1665755
128.3734264
150.3439016
126.7138794
112.3570089
109.5871233
106.3498014
174.902603
119.2910899
112.8363207
103.7952319
109.8709342
116.1697023
112.8654895
103.5732085
146.2998241
125.6341971
156.5829599
105.9858414
148.2923675
153.5205947
106.7732302
120.0583757
139.525657
103.7381764
123.8198179
113.2113537
177.4776706
113.7218397
153.4665266
108.6371506
104.0718214
177.7215678
133.2079073
113.9017653
106.1394069
108.2473578
118.5971539
126.0844769
163.6999147
104.7046716
119.5274627
141.6114769
102.9713896
163.622663
123.4127208
134.8021141
115.8058326
126.4079379
176.283858
132.2231898
173.4667542
100.1058201
120.3441678
150.8024622
101.7165029
153.2403028
126.7339967
111.5409234
156.9198629
108.7155579
110.0088349
109.1571366
136.9074293
158.7439005
113.050662
114.2959279
128.5013519
125.7490725
109.3858901
122.3184203
136.4886724
114.2777361
107.451597
137.3804951
103.7664743
130.4117006
106.7823405
103.685264
100.7282667
105.8829463
113.9182993
109.2241023
122.0283805
116.6356597
101.7268787
108.1735991
109.7364734
122.8850839
103.1184482
116.6557213
126.4922684
116.7671561
143.3572339
153.4525254
108.4118069
154.4552232
107.0155263
117.2903171
134.0570167
110.1665505
110.0405615
118.7266291
126.9203511
114.5505978
124.2312076
107.7478211
109.4967354
133.3092057
119.6467758
147.0146765
109.0359174
107.6516472
123.1935658
109.4902556
109.3888405
165.6224578
111.8812875
104.6760054
101.1892184
107.5258522
128.8309566
120.2807048
140.9087974
117.2038344
115.5220739
101.4381853
165.2238775
137.9170082
145.8790532
111.2708412
125.9003476
103.7253281
172.7218854
100.7575046
151.8203065
133.7544255
150.1261705
102.2447265
107.6508477
116.1479956
104.5308276
103.2982727
118.7794007
128.4703953
105.153564
110.5505701
104.550727
133.9726644
111.283526
103.6917353
130.9754406
125.4270944
125.6411139
142.7381426
102.1329198
140.2357177
110.8012746
129.907106
123.3141107
104.943447
111.5313614
117.8822976
109.2476674
104.7647936
122.1705587
130.1534168
139.8804903
153.4867261
104.658682
102.2066343
101.4658434
121.1759061
109.0970831
176.2993938
107.3530835
125.076821
100.8611298
114.4707696
134.8969578
128.89754
116.2871321
109.9090694
100.8759457
108.3336112
112.9045627
169.9184681
109.8348996
100.8291589
119.6400749
103.2984297
141.5854172
106.4889701
117.1429675
106.7951186
132.4933091
119.8234836
134.6877693
107.3092711
118.3778648
102.1660829
176.3597638
112.4856236
113.93236
100.5731012
111.3364679
107.4994689
100.3455662
104.325433
100.1150817
129.8108969
110.1073453
124.8573252
145.6137438
106.4169618
128.0433351
115.1815275
125.0243669
112.2884602
102.2461582
106.7115064
127.9066527
103.107352
177.6570064
107.5597444
112.8283144
151.0825171
116.8321447
149.4873833
109.7488535
130.6907819
136.7983831
105.9700339
103.6244467
120.0631405
121.4696098
101.537035
162.5127606
107.0578541
108.9167232
171.9242685
149.6713458
101.2397274
105.3877627
118.6691045
109.0861134
146.2206189
100.2823473
124.2756917
102.4722253
126.0126698
115.0813585
147.2496814
123.8797726
124.2741034
120.6110366
