149.3477207
123.2777362
112.6573876
125.4489616
102.513774
123.3142871
175.6506556
104.3219585
118.8254609
141.9712264
135.6879862
178.3005093
110.976332
110.8634667
118.6585078
108.9943344
162.2985922
105.0704123
103.558271
103.8132267
107.3692213
144.8050468
105.0915635
104.3847806
129.4502668
126.9170642
101.8429125
110.4457208
108.5127437
111.9110785
101.4604548
170.4575813
101.7182352
177.7460828
118.4807759
176.4482057
106.4671576
107.628258
116.5568508
118.7130129
124.1496264
124.6651934
111.1819215
119.547489
129.2638114
119.4088717
132.0161589
121.0729934
173.1628111
115.5955027
157.4375739
101.1071292
123.3334567
143.9078617
175.2597266
128.3187494
124.7583189
107.1218393
112.6678083
139.5229297
115.5615268
138.3246024
125.5758932
165.7966061
112.4239745
131.4625785
148.7473981
118.8845904
108.1542684
121.8078818
155.4830627
102.3278771
100.6607191
109.6611718
108.6939499
101.4888016
133.197321
122.8979457
128.1547727
123.3091093
100.1832132
103.9210434
143.0576369
116.4974581
114.7392684
114.2764696
108.0096777
130.2471103
107.2266043
100.4868557
166.8622157
126.2230454
128.1348002
127.2521743
131.9323048
157.1912791
123.1992265
109.9626335
109.0708525
100.4274652
120.3629319
105.4653255
113.9348408
114.5412075
147.9034778
111.8955178
104.697834
175.4534066
145.187923
146.3954205
110.2817531
111.0877585
115.4908378
121.3841187
151.3658825
124.7144761
113.0100969
143.4210706
165.7516755
127.1073061
108.0960376
131.0452075
125.2697316
130.7432651
131.8434341
104.4899806
155.3065757
139.143731
120.8418989
128.6836959
128.6158046
101.1281314
172.1769035
160.8116523
101.6617994
119.0459206
102.5936469
123.0996871
110.0177716
100.5946508
133.5914505
112.1291554
104.7119167
119.2445521
104.395199
128.9466484
122.8568068
111.067001
104.2048204
112.0878949
138.0828693
134.4653957
132.1594944
111.3961481
127.4111557
110.4081743
149.5756552
122.7522773
122.8507872
116.4280098
111.5324629
165.2843397
130.3387034
102.5195392
111.234683
113.7604848
100.9308605
142.3024336
119.9230242
103.2728002
145.4073029
144.3395084
105.2574093
142.2596597
129.8340665
120.9143944
100.5398136
116.8723346
110.2750326
114.5037286
167.0421088
105.2070784
151.8861329
124.7097588
134.8038311
102.7937352
125.9044427
105.7189872
140.4380167
103.4829483
104.0336546
103.9808702
144.0967561
122.2451007
100.9187558
118.0032243
133.8520698
110.9241902
109.234233
100.6610418
133.9005705
113.4596682
115.1603618
141.1532062
120.6197923
158.1416941
121.646286
138.4490443
100.2818026
100.7946003
127.4398444
106.5071799
128.75233
124.7056434
140.6340637
110.8333141
106.6587293
122.849016
118.7355984
114.8178107
105.8429866
173.7562776
115.942972
111.8136644
118.084146
135.9682997
107.9887575
107.7509101
117.6417074
100.2769468
114.2149297
103.5377228
160.3575689
101.5650755
115.7075053
130.5497501
120.5826244
113.045381
119.235793
123.5340872
123.3520097
101.659012
110.5239063
116.6909234
101.3332143
131.3089926
119.6551052
101.9897232
120.2249649
137.645912
119.3066232
159.0255224
111.6815039
129.4858773
122.2393135
109.3453627
103.4367578
127.4478082
116.809663
114.25769
117.6772762
141.2047155
132.8847777
121.6863901
119.4255193
163.7952501
163.4576199
105.812774
115.8594555
118.0750808
125.7013113
116.1109794
134.9564999
100.5976196
128.0024927
103.9155478
107.1617357
123.7972722
165.0405301
114.1327043
109.3558034
116.5024602
171.9275008
113.0715907
134.1081188
127.8552958
111.274057
102.8275246
162.4863945
105.0961017
142.41599
158.928516
110.6438909
104.3091998
156.3829105
125.5977799
104.2798632
100.2661753
126.2167916
109.9579168
165.3748297
138.4489509
150.8276867
166.3311447
103.072258
123.1877059
106.0122814
111.9246016
100.6703456
138.6669904
121.4127839
157.8250943
178.2894037
100.9109208
147.9160689
104.7401736
113.3343813
127.7189537
170.675439
120.1228746
105.0523379
130.1433743
126.3138231
105.3875871
141.9489398
141.4471871
113.2192576
145.0950778
135.4615716
108.7953378
143.3270371
122.4582905
111.5417993
103.7995598
105.5437044
101.2958752
119.7088944
108.9732326
126.3149648
158.0213425
159.7393052
104.259083
112.5661664
100.857018
140.2518763
158.8683621
113.9534031
147.9155396
111.5275367
116.2983384
146.3069627
145.3331428
128.9117653
104.6811376
129.5626496
127.8528229
123.754732
124.9300284
116.2309844
140.354827
131.5721808
102.6045066
103.406415
141.4680468
109.380595
103.9983847
103.0878293
109.1016055
101.3602288
108.5678617
132.8402413
113.50382
104.7946853
128.6913595
102.5742632
115.9254933
131.5884182
102.7752816
121.8418239
124.4516693
146.7814205
139.2679642
114.9722965
130.3168806
136.4121957
101.614711
119.3110899
137.8079963
107.1084957
124.9061099
153.2279901
121.0756961
128.8531402
