108.5563153
139.2231391
115.2270154
100.578167
100.3590916
137.1208367
125.2107559
176.219807
119.4786294
104.3557254
111.0012247
125.1538467
103.0425303
136.1324605
149.8001771
123.8203649
136.2732338
160.6089812
100.8877306
110.3907384
136.4287817
107.6887552
139.29667
149.6275527
146.5599423
173.1274884
111.8548703
133.5521458
100.2108147
111.1615701
102.6661991
114.5437925
134.543977
130.870303
102.6696783
110.7735021
129.9525476
100.264653
129.4208298
155.9211939
106.6397715
127.4075939
113.3139532
130.0697464
124.0806592
100.4351926
156.2525265
158.8705294
100.4753069
107.5967085
106.9941373
166.7019487
161.3982652
100.434093
126.7072095
178.5611209
167.7117717
102.803234
104.1222802
115.0033915
112.2921989
121.6744722
117.7052459
127.6165659
126.5341595
102.6273587
156.5458282
128.7964744
127.2172676
104.9171915
112.0450512
106.9839219
158.9024098
100.4126174
103.3222196
145.7289786
105.8280408
158.2575469
112.2758629
128.6138845
123.5259258
109.0814938
126.7425107
161.661247
150.5404193
107.184701
137.3364246
109.8865319
134.2129579
102.3225807
140.2767435
119.7456535
129.8723532
176.398504
104.564954
129.7789751
102.2012586
125.6795978
100.6354161
163.055597
112.6471634
109.19739
145.9683072
105.4604672
104.9878457
163.8271964
100.1297676
125.4546395
110.9512289
112.3408828
147.7831395
113.6795174
105.7187842
118.5142654
114.8043698
126.2552644
113.4735098
135.8850985
137.5743322
118.7061399
127.2483248
109.6593929
177.083283
113.1651463
135.7418469
108.6637763
113.9410922
159.9807637
172.1563994
103.0148448
121.2322703
114.6239029
156.6039102
149.720613
